Automatically generated mesh
     121
Reciprocal lattice
    0.00000000000000    0.00000000000000    0.00000000000000             1
    0.05000000000000   -0.00000000000000    0.00000000000000             6
    0.10000000000000   -0.00000000000000    0.00000000000000             6
    0.15000000000000   -0.00000000000000    0.00000000000000             6
    0.20000000000000   -0.00000000000000    0.00000000000000             6
    0.25000000000000    0.00000000000000    0.00000000000000             6
    0.30000000000000   -0.00000000000000    0.00000000000000             6
    0.35000000000000   -0.00000000000000    0.00000000000000             6
    0.40000000000000   -0.00000000000000    0.00000000000000             6
    0.45000000000000   -0.00000000000000    0.00000000000000             6
    0.50000000000000    0.00000000000000    0.00000000000000             3
    0.05000000000000    0.05000000000000    0.00000000000000             6
    0.10000000000000    0.05000000000000    0.00000000000000            12
    0.15000000000000    0.05000000000000    0.00000000000000            12
    0.20000000000000    0.05000000000000    0.00000000000000            12
    0.25000000000000    0.05000000000000    0.00000000000000            12
    0.30000000000000    0.05000000000000    0.00000000000000            12
    0.35000000000000    0.05000000000000    0.00000000000000            12
    0.40000000000000    0.05000000000000    0.00000000000000            12
    0.45000000000000    0.05000000000000    0.00000000000000            12
    0.10000000000000    0.10000000000000    0.00000000000000             6
    0.15000000000000    0.10000000000000    0.00000000000000            12
    0.20000000000000    0.10000000000000    0.00000000000000            12
    0.25000000000000    0.10000000000000    0.00000000000000            12
    0.30000000000000    0.10000000000000    0.00000000000000            12
    0.35000000000000    0.10000000000000    0.00000000000000            12
    0.40000000000000    0.10000000000000    0.00000000000000            12
    0.45000000000000    0.10000000000000    0.00000000000000             6
    0.15000000000000    0.15000000000000    0.00000000000000             6
    0.20000000000000    0.15000000000000    0.00000000000000            12
    0.25000000000000    0.15000000000000    0.00000000000000            12
    0.30000000000000    0.15000000000000    0.00000000000000            12
    0.35000000000000    0.15000000000000    0.00000000000000            12
    0.40000000000000    0.15000000000000    0.00000000000000            12
    0.20000000000000    0.20000000000000    0.00000000000000             6
    0.25000000000000    0.20000000000000    0.00000000000000            12
    0.30000000000000    0.20000000000000    0.00000000000000            12
    0.35000000000000    0.20000000000000    0.00000000000000            12
    0.40000000000000    0.20000000000000    0.00000000000000             6
    0.25000000000000    0.25000000000000    0.00000000000000             6
    0.30000000000000    0.25000000000000    0.00000000000000            12
    0.35000000000000    0.25000000000000    0.00000000000000            12
    0.30000000000000    0.30000000000000    0.00000000000000             6
    0.35000000000000    0.30000000000000    0.00000000000000             6
    0.00000000000000    0.00000000000000    0.33333333333333             2
    0.05000000000000   -0.00000000000000    0.33333333333333             6
    0.10000000000000   -0.00000000000000    0.33333333333333             6
    0.15000000000000   -0.00000000000000    0.33333333333333             6
    0.20000000000000   -0.00000000000000    0.33333333333333             6
    0.25000000000000    0.00000000000000    0.33333333333333             6
    0.30000000000000   -0.00000000000000    0.33333333333333             6
    0.35000000000000   -0.00000000000000    0.33333333333333             6
    0.40000000000000   -0.00000000000000    0.33333333333333             6
    0.45000000000000   -0.00000000000000    0.33333333333333             6
    0.50000000000000    0.00000000000000    0.33333333333333             6
   -0.45000000000000    0.00000000000000    0.33333333333333             6
   -0.40000000000000    0.00000000000000    0.33333333333333             6
   -0.35000000000000    0.00000000000000    0.33333333333333             6
   -0.30000000000000    0.00000000000000    0.33333333333333             6
   -0.25000000000000    0.00000000000000    0.33333333333333             6
   -0.20000000000000    0.00000000000000    0.33333333333333             6
   -0.15000000000000    0.00000000000000    0.33333333333333             6
   -0.10000000000000    0.00000000000000    0.33333333333333             6
   -0.05000000000000    0.00000000000000    0.33333333333333             6
    0.05000000000000    0.05000000000000    0.33333333333333            12
    0.10000000000000    0.05000000000000    0.33333333333333            12
    0.15000000000000    0.05000000000000    0.33333333333333            12
    0.20000000000000    0.05000000000000    0.33333333333333            12
    0.25000000000000    0.05000000000000    0.33333333333333            12
    0.30000000000000    0.05000000000000    0.33333333333333            12
    0.35000000000000    0.05000000000000    0.33333333333333            12
    0.40000000000000    0.05000000000000    0.33333333333333            12
    0.45000000000000    0.05000000000000    0.33333333333333            12
    0.50000000000000    0.05000000000000    0.33333333333333            12
   -0.45000000000000    0.05000000000000    0.33333333333333            12
   -0.40000000000000    0.05000000000000    0.33333333333333            12
   -0.35000000000000    0.05000000000000    0.33333333333333            12
   -0.30000000000000    0.05000000000000    0.33333333333333            12
   -0.25000000000000    0.05000000000000    0.33333333333333            12
   -0.20000000000000    0.05000000000000    0.33333333333333            12
   -0.15000000000000    0.05000000000000    0.33333333333333            12
    0.10000000000000    0.10000000000000    0.33333333333333            12
    0.15000000000000    0.10000000000000    0.33333333333333            12
    0.20000000000000    0.10000000000000    0.33333333333333            12
    0.25000000000000    0.10000000000000    0.33333333333333            12
    0.30000000000000    0.10000000000000    0.33333333333333            12
    0.35000000000000    0.10000000000000    0.33333333333333            12
    0.40000000000000    0.10000000000000    0.33333333333333            12
    0.45000000000000    0.10000000000000    0.33333333333333            12
    0.50000000000000    0.10000000000000    0.33333333333333            12
   -0.45000000000000    0.10000000000000    0.33333333333333            12
   -0.40000000000000    0.10000000000000    0.33333333333333            12
   -0.35000000000000    0.10000000000000    0.33333333333333            12
   -0.30000000000000    0.10000000000000    0.33333333333333            12
   -0.25000000000000    0.10000000000000    0.33333333333333            12
    0.15000000000000    0.15000000000000    0.33333333333333            12
    0.20000000000000    0.15000000000000    0.33333333333333            12
    0.25000000000000    0.15000000000000    0.33333333333333            12
    0.30000000000000    0.15000000000000    0.33333333333333            12
    0.35000000000000    0.15000000000000    0.33333333333333            12
    0.40000000000000    0.15000000000000    0.33333333333333            12
    0.45000000000000    0.15000000000000    0.33333333333333            12
    0.50000000000000    0.15000000000000    0.33333333333333            12
   -0.45000000000000    0.15000000000000    0.33333333333333            12
   -0.40000000000000    0.15000000000000    0.33333333333333            12
   -0.35000000000000    0.15000000000000    0.33333333333333            12
    0.20000000000000    0.20000000000000    0.33333333333333            12
    0.25000000000000    0.20000000000000    0.33333333333333            12
    0.30000000000000    0.20000000000000    0.33333333333333            12
    0.35000000000000    0.20000000000000    0.33333333333333            12
    0.40000000000000    0.20000000000000    0.33333333333333            12
    0.45000000000000    0.20000000000000    0.33333333333333            12
    0.50000000000000    0.20000000000000    0.33333333333333            12
   -0.45000000000000    0.20000000000000    0.33333333333333            12
    0.25000000000000    0.25000000000000    0.33333333333333            12
    0.30000000000000    0.25000000000000    0.33333333333333            12
    0.35000000000000    0.25000000000000    0.33333333333333            12
    0.40000000000000    0.25000000000000    0.33333333333333            12
    0.45000000000000    0.25000000000000    0.33333333333333            12
    0.30000000000000    0.30000000000000    0.33333333333333            12
    0.35000000000000    0.30000000000000    0.33333333333333            12
Tetrahedra
      1714    0.00013888888889
         4         2         2        12        64
         4         1         2         2        64
         4         1         2        45        64
         4         2        12        64        65
         8         2        46        64        65
         8         2        45        46        64
         8         3        12        13        65
         8         2         3        12        65
         4         2         3        46        65
         4         3        13        65        66
         4         3        47        65        66
         4         3        46        47        65
         4         4        13        14        66
         4         3         4        13        66
         4         3         4        47        66
         4         4        14        66        67
         4         4        48        66        67
         4         4        47        48        66
         4         5        14        15        67
         4         4         5        14        67
         4         4         5        48        67
         4         5        15        67        68
         4         5        49        67        68
         4         5        48        49        67
         4         6        15        16        68
         4         5         6        15        68
         4         5         6        49        68
         4         6        16        68        69
         4         6        50        68        69
         4         6        49        50        68
         4         7        16        17        69
         4         6         7        16        69
         4         6         7        50        69
         4         7        17        69        70
         4         7        51        69        70
         4         7        50        51        69
         4         8        17        18        70
         4         7         8        17        70
         4         7         8        51        70
         4         8        18        70        71
         4         8        52        70        71
         4         8        51        52        70
         4         9        18        19        71
         4         8         9        18        71
         4         8         9        52        71
         4         9        19        71        72
         4         9        53        71        72
         4         9        52        53        71
         4        10        19        20        72
         4         9        10        19        72
         4         9        10        53        72
         4        10        20        72        73
         4        10        54        72        73
         4        10        53        54        72
         4        11        20        20        73
         4        10        11        20        73
         4        10        11        54        73
         4        11        20        73        74
         4        11        55        73        74
         4        11        54        55        73
         4        10        19        20        74
         4        10        11        20        74
         4        10        11        55        74
         4        10        19        74        75
         4        10        56        74        75
         4        10        55        56        74
         4         9        18        19        75
         4         9        10        19        75
         4         9        10        56        75
         4         9        18        75        76
         4         9        57        75        76
         4         9        56        57        75
         4         8        17        18        76
         4         8         9        18        76
         4         8         9        57        76
         4         8        17        76        77
         4         8        58        76        77
         4         8        57        58        76
         4         7        16        17        77
         4         7         8        17        77
         4         7         8        58        77
         4         7        16        77        78
         4         7        59        77        78
         4         7        58        59        77
         4         6        15        16        78
         4         6         7        16        78
         4         6         7        59        78
         4         6        15        78        79
         4         6        60        78        79
         4         6        59        60        78
         4         5        14        15        79
         4         5         6        15        79
         4         5         6        60        79
         4         5        14        79        80
         4         5        61        79        80
         4         5        60        61        79
         4         4        13        14        80
         4         4         5        14        80
         4         4         5        61        80
         4         4        13        80        81
         4         4        62        80        81
         4         4        61        62        80
         4         3        12        13        81
         4         3         4        13        81
         4         3         4        62        81
         4         3        12        65        81
         4         3        63        65        81
         4         3        62        63        81
         4         2         2        12        65
         4         2         3        63        65
         4         2         2        46        65
         4         2        63        64        65
         4         1         2         2        46
         4         1         2        46        64
         4         1        45        46        64
         4         3        12        13        63
         4         2         3        12        63
         4         2        12        63        64
         4        12        13        63        81
         4        12        63        65        81
         4        12        63        64        65
         4        13        13        21        81
         4        12        13        13        81
         4        12        13        65        81
         4        13        21        81        82
         8        13        66        81        82
         8        13        65        66        81
         8        14        21        22        82
         8        13        14        21        82
         4        13        14        66        82
         4        14        22        82        83
         4        14        67        82        83
         4        14        66        67        82
         4        15        22        23        83
         4        14        15        22        83
         4        14        15        67        83
         4        15        23        83        84
         4        15        68        83        84
         4        15        67        68        83
         4        16        23        24        84
         4        15        16        23        84
         4        15        16        68        84
         4        16        24        84        85
         4        16        69        84        85
         4        16        68        69        84
         4        17        24        25        85
         4        16        17        24        85
         4        16        17        69        85
         4        17        25        85        86
         4        17        70        85        86
         4        17        69        70        85
         4        18        25        26        86
         4        17        18        25        86
         4        17        18        70        86
         4        18        26        86        87
         4        18        71        86        87
         4        18        70        71        86
         4        19        26        27        87
         4        18        19        26        87
         4        18        19        71        87
         4        19        27        87        88
         4        19        72        87        88
         4        19        71        72        87
         4        20        27        28        88
         4        19        20        27        88
         4        19        20        72        88
         4        20        28        88        89
         4        20        73        88        89
         4        20        72        73        88
         8        20        27        28        89
         4        20        20        28        89
         4        20        20        73        89
         4        20        27        89        90
         4        20        74        89        90
         8        20        73        74        89
         4        19        26        27        90
         4        19        20        27        90
         4        19        20        74        90
         4        19        26        90        91
         4        19        75        90        91
         4        19        74        75        90
         4        18        25        26        91
         4        18        19        26        91
         4        18        19        75        91
         4        18        25        91        92
         4        18        76        91        92
         4        18        75        76        91
         4        17        24        25        92
         4        17        18        25        92
         4        17        18        76        92
         4        17        24        92        93
         4        17        77        92        93
         4        17        76        77        92
         4        16        23        24        93
         4        16        17        24        93
         4        16        17        77        93
         4        16        23        93        94
         4        16        78        93        94
         4        16        77        78        93
         4        15        22        23        94
         4        15        16        23        94
         4        15        16        78        94
         4        15        22        94        95
         4        15        79        94        95
         4        15        78        79        94
         4        14        21        22        95
         4        14        15        22        95
         4        14        15        79        95
         4        14        21        82        95
         4        14        80        82        95
         4        14        79        80        95
         4        13        13        21        82
         4        13        14        80        82
         4        13        13        66        82
         4        13        80        81        82
         4         3        12        13        66
         4        12        13        13        66
         4        12        13        66        81
         4         3        12        47        66
         4        12        47        65        66
         4        12        65        66        81
         4         2         3        12        47
         4         2        12        47        65
         4         2        46        47        65
         4         4        13        14        62
         4         3         4        13        62
         4         3        13        62        63
         4        13        14        62        80
         4        13        62        80        81
         4        13        62        63        81
         4        14        21        22        80
         4        13        14        21        80
         4        13        21        80        81
         4        21        22        80        95
         4        21        80        82        95
         4        21        80        81        82
         4        22        22        29        95
         4        21        22        22        95
         4        21        22        82        95
         4        22        29        95        96
         8        22        83        95        96
         8        22        82        83        95
         8        23        29        30        96
         8        22        23        29        96
         4        22        23        83        96
         4        23        30        96        97
         4        23        84        96        97
         4        23        83        84        96
         4        24        30        31        97
         4        23        24        30        97
         4        23        24        84        97
         4        24        31        97        98
         4        24        85        97        98
         4        24        84        85        97
         4        25        31        32        98
         4        24        25        31        98
         4        24        25        85        98
         4        25        32        98        99
         4        25        86        98        99
         4        25        85        86        98
         4        26        32        33        99
         4        25        26        32        99
         4        25        26        86        99
         4        26        33        99       100
         4        26        87        99       100
         4        26        86        87        99
         4        27        33        34       100
         4        26        27        33       100
         4        26        27        87       100
         4        27        34       100       101
         4        27        88       100       101
         4        27        87        88       100
         4        28        34        34       101
         4        27        28        34       101
         4        27        28        88       101
         4        28        34       101       102
         4        28        89       101       102
         4        28        88        89       101
         4        27        33        34       102
         4        27        28        34       102
         4        27        28        89       102
         4        27        33       102       103
         4        27        90       102       103
         4        27        89        90       102
         4        26        32        33       103
         4        26        27        33       103
         4        26        27        90       103
         4        26        32       103       104
         4        26        91       103       104
         4        26        90        91       103
         4        25        31        32       104
         4        25        26        32       104
         4        25        26        91       104
         4        25        31       104       105
         4        25        92       104       105
         4        25        91        92       104
         4        24        30        31       105
         4        24        25        31       105
         4        24        25        92       105
         4        24        30       105       106
         4        24        93       105       106
         4        24        92        93       105
         4        23        29        30       106
         4        23        24        30       106
         4        23        24        93       106
         4        23        29        96       106
         4        23        94        96       106
         4        23        93        94       106
         4        22        22        29        96
         4        22        23        94        96
         4        22        22        83        96
         4        22        94        95        96
         4        14        21        22        83
         4        21        22        22        83
         4        21        22        83        95
         4        14        21        67        83
         4        21        67        82        83
         4        21        82        83        95
         4         4        13        14        67
         4        13        14        21        67
         4        13        21        67        82
         4         4        13        48        67
         4        13        48        66        67
         4        13        66        67        82
         4         3         4        13        48
         4         3        13        48        66
         4         3        47        48        66
         4         5        14        15        61
         4         4         5        14        61
         4         4        14        61        62
         4        14        15        61        79
         4        14        61        79        80
         4        14        61        62        80
         4        15        22        23        79
         4        14        15        22        79
         4        14        22        79        80
         4        22        23        79        94
         4        22        79        94        95
         4        22        79        80        95
         4        23        29        30        94
         4        22        23        29        94
         4        22        29        94        95
         4        29        30        94       106
         4        29        94        96       106
         4        29        94        95        96
         4        30        30        35       106
         4        29        30        30       106
         4        29        30        96       106
         4        30        35       106       107
         8        30        97       106       107
         8        30        96        97       106
         8        31        35        36       107
         8        30        31        35       107
         4        30        31        97       107
         4        31        36       107       108
         4        31        98       107       108
         4        31        97        98       107
         4        32        36        37       108
         4        31        32        36       108
         4        31        32        98       108
         4        32        37       108       109
         4        32        99       108       109
         4        32        98        99       108
         4        33        37        38       109
         4        32        33        37       109
         4        32        33        99       109
         4        33        38       109       110
         4        33       100       109       110
         4        33        99       100       109
         4        34        38        39       110
         4        33        34        38       110
         4        33        34       100       110
         4        34        39       110       111
         4        34       101       110       111
         4        34       100       101       110
         8        34        38        39       111
         4        34        34        39       111
         4        34        34       101       111
         4        34        38       111       112
         4        34       102       111       112
         8        34       101       102       111
         4        33        37        38       112
         4        33        34        38       112
         4        33        34       102       112
         4        33        37       112       113
         4        33       103       112       113
         4        33       102       103       112
         4        32        36        37       113
         4        32        33        37       113
         4        32        33       103       113
         4        32        36       113       114
         4        32       104       113       114
         4        32       103       104       113
         4        31        35        36       114
         4        31        32        36       114
         4        31        32       104       114
         4        31        35       107       114
         4        31       105       107       114
         4        31       104       105       114
         4        30        30        35       107
         4        30        31       105       107
         4        30        30        97       107
         4        30       105       106       107
         4        23        29        30        97
         4        29        30        30        97
         4        29        30        97       106
         4        23        29        84        97
         4        29        84        96        97
         4        29        96        97       106
         4        15        22        23        84
         4        22        23        29        84
         4        22        29        84        96
         4        15        22        68        84
         4        22        68        83        84
         4        22        83        84        96
         4         5        14        15        68
         4        14        15        22        68
         4        14        22        68        83
         4         5        14        49        68
         4        14        49        67        68
         4        14        67        68        83
         4         4         5        14        49
         4         4        14        49        67
         4         4        48        49        67
         4         6        15        16        60
         4         5         6        15        60
         4         5        15        60        61
         4        15        16        60        78
         4        15        60        78        79
         4        15        60        61        79
         4        16        23        24        78
         4        15        16        23        78
         4        15        23        78        79
         4        23        24        78        93
         4        23        78        93        94
         4        23        78        79        94
         4        24        30        31        93
         4        23        24        30        93
         4        23        30        93        94
         4        30        31        93       105
         4        30        93       105       106
         4        30        93        94       106
         4        31        35        36       105
         4        30        31        35       105
         4        30        35       105       106
         4        35        36       105       114
         4        35       105       107       114
         4        35       105       106       107
         4        36        36        40       114
         4        35        36        36       114
         4        35        36       107       114
         4        36        40       114       115
         8        36       108       114       115
         8        36       107       108       114
         8        37        40        41       115
         8        36        37        40       115
         4        36        37       108       115
         4        37        41       115       116
         4        37       109       115       116
         4        37       108       109       115
         4        38        41        42       116
         4        37        38        41       116
         4        37        38       109       116
         4        38        42       116       117
         4        38       110       116       117
         4        38       109       110       116
         4        39        42        42       117
         4        38        39        42       117
         4        38        39       110       117
         4        39        42       117       118
         4        39       111       117       118
         4        39       110       111       117
         4        38        41        42       118
         4        38        39        42       118
         4        38        39       111       118
         4        38        41       118       119
         4        38       112       118       119
         4        38       111       112       118
         4        37        40        41       119
         4        37        38        41       119
         4        37        38       112       119
         4        37        40       115       119
         4        37       113       115       119
         4        37       112       113       119
         4        36        36        40       115
         4        36        37       113       115
         4        36        36       108       115
         4        36       113       114       115
         4        31        35        36       108
         4        35        36        36       108
         4        35        36       108       114
         4        31        35        98       108
         4        35        98       107       108
         4        35       107       108       114
         4        24        30        31        98
         4        30        31        35        98
         4        30        35        98       107
         4        24        30        85        98
         4        30        85        97        98
         4        30        97        98       107
         4        16        23        24        85
         4        23        24        30        85
         4        23        30        85        97
         4        16        23        69        85
         4        23        69        84        85
         4        23        84        85        97
         4         6        15        16        69
         4        15        16        23        69
         4        15        23        69        84
         4         6        15        50        69
         4        15        50        68        69
         4        15        68        69        84
         4         5         6        15        50
         4         5        15        50        68
         4         5        49        50        68
         4         7        16        17        59
         4         6         7        16        59
         4         6        16        59        60
         4        16        17        59        77
         4        16        59        77        78
         4        16        59        60        78
         4        17        24        25        77
         4        16        17        24        77
         4        16        24        77        78
         4        24        25        77        92
         4        24        77        92        93
         4        24        77        78        93
         4        25        31        32        92
         4        24        25        31        92
         4        24        31        92        93
         4        31        32        92       104
         4        31        92       104       105
         4        31        92        93       105
         4        32        36        37       104
         4        31        32        36       104
         4        31        36       104       105
         4        36        37       104       113
         4        36       104       113       114
         4        36       104       105       114
         4        37        40        41       113
         4        36        37        40       113
         4        36        40       113       114
         4        40        41       113       119
         4        40       113       115       119
         4        40       113       114       115
         4        41        41        43       119
         4        40        41        41       119
         4        40        41       115       119
         4        41        43       119       120
         8        41       116       119       120
         8        41       115       116       119
         8        42        43        44       120
         8        41        42        43       120
         4        41        42       116       120
         4        42        44       120       121
         4        42       117       120       121
         4        42       116       117       120
         8        42        43        44       121
         4        42        42        44       121
         4        42        42       117       121
         4        42        43       120       121
         4        42       118       120       121
         8        42       117       118       121
         4        41        41        43       120
         4        41        42       118       120
         4        41        41       116       120
         4        41       118       119       120
         4        37        40        41       116
         4        40        41        41       116
         4        40        41       116       119
         4        37        40       109       116
         4        40       109       115       116
         4        40       115       116       119
         4        32        36        37       109
         4        36        37        40       109
         4        36        40       109       115
         4        32        36        99       109
         4        36        99       108       109
         4        36       108       109       115
         4        25        31        32        99
         4        31        32        36        99
         4        31        36        99       108
         4        25        31        86        99
         4        31        86        98        99
         4        31        98        99       108
         4        17        24        25        86
         4        24        25        31        86
         4        24        31        86        98
         4        17        24        70        86
         4        24        70        85        86
         4        24        85        86        98
         4         7        16        17        70
         4        16        17        24        70
         4        16        24        70        85
         4         7        16        51        70
         4        16        51        69        70
         4        16        69        70        85
         4         6         7        16        51
         4         6        16        51        69
         4         6        50        51        69
         4         8        17        18        58
         4         7         8        17        58
         4         7        17        58        59
         4        17        18        58        76
         4        17        58        76        77
         4        17        58        59        77
         4        18        25        26        76
         4        17        18        25        76
         4        17        25        76        77
         4        25        26        76        91
         4        25        76        91        92
         4        25        76        77        92
         4        26        32        33        91
         4        25        26        32        91
         4        25        32        91        92
         4        32        33        91       103
         4        32        91       103       104
         4        32        91        92       104
         4        33        37        38       103
         4        32        33        37       103
         4        32        37       103       104
         4        37        38       103       112
         4        37       103       112       113
         4        37       103       104       113
         4        38        41        42       112
         4        37        38        41       112
         4        37        41       112       113
         4        41        42       112       118
         4        41       112       118       119
         4        41       112       113       119
         4        42        43        44       118
         4        41        42        43       118
         4        41        43       118       119
         4        43        44       118       121
         4        43       118       120       121
         4        43       118       119       120
         4        44        44        44       121
         8        43        44        44       121
         4        43        44       120       121
         4        44        44       121       121
         4        44       121       121       121
         8        44       120       121       121
         4        43        44       121       121
         4        42        43       117       121
         4        43       117       120       121
         4        43       120       121       121
         4        38        41        42       117
         4        41        42        43       117
         4        41        43       117       120
         4        38        41       110       117
         4        41       110       116       117
         4        41       116       117       120
         4        33        37        38       110
         4        37        38        41       110
         4        37        41       110       116
         4        33        37       100       110
         4        37       100       109       110
         4        37       109       110       116
         4        26        32        33       100
         4        32        33        37       100
         4        32        37       100       109
         4        26        32        87       100
         4        32        87        99       100
         4        32        99       100       109
         4        18        25        26        87
         4        25        26        32        87
         4        25        32        87        99
         4        18        25        71        87
         4        25        71        86        87
         4        25        86        87        99
         4         8        17        18        71
         4        17        18        25        71
         4        17        25        71        86
         4         8        17        52        71
         4        17        52        70        71
         4        17        70        71        86
         4         7         8        17        52
         4         7        17        52        70
         4         7        51        52        70
         4         9        18        19        57
         4         8         9        18        57
         4         8        18        57        58
         4        18        19        57        75
         4        18        57        75        76
         4        18        57        58        76
         4        19        26        27        75
         4        18        19        26        75
         4        18        26        75        76
         4        26        27        75        90
         4        26        75        90        91
         4        26        75        76        91
         4        27        33        34        90
         4        26        27        33        90
         4        26        33        90        91
         4        33        34        90       102
         4        33        90       102       103
         4        33        90        91       103
         4        34        38        39       102
         4        33        34        38       102
         4        33        38       102       103
         4        38        39       102       111
         4        38       102       111       112
         4        38       102       103       112
         4        39        42        42       111
         8        38        39        42       111
         4        38        42       111       112
         4        42        42       111       117
         8        42       111       117       118
         4        42       111       112       118
         4        42        43        44       117
         4        42        42        44       117
         4        42        44       117       118
         4        43        44       117       120
         4        44       117       120       121
         4        44       117       118       121
         4        43        44        44       120
         4        44        44       120       121
         4        42        44       118       120
         4        44       118       120       121
         4        39        42        42       118
         4        42        42        44       118
         4        42        44       118       121
         4        39        42       111       118
         4        38        42       111       117
         4        34        38       101       111
         4        38       101       110       111
         4        38       110       111       117
         4        27        33        34       101
         4        33        34        38       101
         4        33        38       101       110
         4        27        33        88       101
         4        33        88       100       101
         4        33       100       101       110
         4        19        26        27        88
         4        26        27        33        88
         4        26        33        88       100
         4        19        26        72        88
         4        26        72        87        88
         4        26        87        88       100
         4         9        18        19        72
         4        18        19        26        72
         4        18        26        72        87
         4         9        18        53        72
         4        18        53        71        72
         4        18        71        72        87
         4         8         9        18        53
         4         8        18        53        71
         4         8        52        53        71
         4        10        19        20        56
         4         9        10        19        56
         4         9        19        56        57
         4        19        20        56        74
         4        19        56        74        75
         4        19        56        57        75
         4        20        27        28        74
         4        19        20        27        74
         4        19        27        74        75
         4        27        28        74        89
         4        27        74        89        90
         4        27        74        75        90
         4        28        34        34        89
         8        27        28        34        89
         4        27        34        89        90
         4        34        34        89       101
         8        34        89       101       102
         4        34        89        90       102
         4        34        38        39       101
         4        34        34        39       101
         4        34        39       101       102
         4        38        39       101       110
         4        39       101       110       111
         4        39       101       102       111
         4        38        41        42       110
         4        38        39        42       110
         4        39        42       110       111
         4        41        42       110       116
         4        42       110       116       117
         4        42       110       111       117
         4        41        41        43       116
         4        41        42        43       116
         4        42        43       116       117
         4        41        43       116       119
         4        43       116       119       120
         4        43       116       117       120
         4        38        41        42       119
         4        41        42        43       119
         4        42        43       119       120
         4        38        42       112       119
         4        42       112       118       119
         4        42       118       119       120
         4        34        38        39       112
         4        38        39        42       112
         4        39        42       112       118
         4        34        39       102       112
         4        39       102       111       112
         4        39       111       112       118
         4        28        34        34       102
         4        34        34        39       102
         4        34        39       102       111
         4        28        34        89       102
         4        27        34        89       101
         4        20        27        73        89
         4        27        73        88        89
         4        27        88        89       101
         4        10        19        20        73
         4        19        20        27        73
         4        19        27        73        88
         4        10        19        54        73
         4        19        54        72        73
         4        19        72        73        88
         4         9        10        19        54
         4         9        19        54        72
         4         9        53        54        72
         4        11        20        20        55
         8        10        11        20        55
         4        10        20        55        56
         4        20        20        55        73
         8        20        55        73        74
         4        20        55        56        74
         4        20        27        28        73
         4        20        20        28        73
         4        20        28        73        74
         4        27        28        73        88
         4        28        73        88        89
         4        28        73        74        89
         4        27        33        34        88
         4        27        28        34        88
         4        28        34        88        89
         4        33        34        88       100
         4        34        88       100       101
         4        34        88        89       101
         4        33        37        38       100
         4        33        34        38       100
         4        34        38       100       101
         4        37        38       100       109
         4        38       100       109       110
         4        38       100       101       110
         4        37        40        41       109
         4        37        38        41       109
         4        38        41       109       110
         4        40        41       109       115
         4        41       109       115       116
         4        41       109       110       116
         4        40        41        41       115
         4        41        41       115       116
         4        37        41       113       115
         4        41       113       115       119
         4        33        37        38       113
         4        37        38        41       113
         4        38        41       113       119
         4        33        38       103       113
         4        38       103       112       113
         4        38       112       113       119
         4        27        33        34       103
         4        33        34        38       103
         4        34        38       103       112
         4        27        34        90       103
         4        34        90       102       103
         4        34       102       103       112
         4        20        27        28        90
         4        27        28        34        90
         4        28        34        90       102
         4        20        28        74        90
         4        28        74        89        90
         4        28        89        90       102
         4        11        20        20        74
         4        20        20        28        74
         4        20        28        74        89
         4        11        20        55        74
         4        10        20        55        73
         4        10        54        55        73
         4        10        19        20        54
         4        10        11        20        54
         4        11        20        54        55
         4        19        20        54        72
         4        20        54        72        73
         4        20        54        55        73
         4        19        26        27        72
         4        19        20        27        72
         4        20        27        72        73
         4        26        27        72        87
         4        27        72        87        88
         4        27        72        73        88
         4        26        32        33        87
         4        26        27        33        87
         4        27        33        87        88
         4        32        33        87        99
         4        33        87        99       100
         4        33        87        88       100
         4        32        36        37        99
         4        32        33        37        99
         4        33        37        99       100
         4        36        37        99       108
         4        37        99       108       109
         4        37        99       100       109
         4        36        36        40       108
         4        36        37        40       108
         4        37        40       108       109
         4        36        40       108       114
         4        40       108       114       115
         4        40       108       109       115
         4        32        36        37       114
         4        36        37        40       114
         4        37        40       114       115
         4        32        37       104       114
         4        37       104       113       114
         4        37       113       114       115
         4        26        32        33       104
         4        32        33        37       104
         4        33        37       104       113
         4        26        33        91       104
         4        33        91       103       104
         4        33       103       104       113
         4        19        26        27        91
         4        26        27        33        91
         4        27        33        91       103
         4        19        27        75        91
         4        27        75        90        91
         4        27        90        91       103
         4        10        19        20        75
         4        19        20        27        75
         4        20        27        75        90
         4        10        20        56        75
         4        20        56        74        75
         4        20        74        75        90
         4        10        11        20        56
         4        11        20        56        74
         4        11        55        56        74
         4         9        18        19        53
         4         9        10        19        53
         4        10        19        53        54
         4        18        19        53        71
         4        19        53        71        72
         4        19        53        54        72
         4        18        25        26        71
         4        18        19        26        71
         4        19        26        71        72
         4        25        26        71        86
         4        26        71        86        87
         4        26        71        72        87
         4        25        31        32        86
         4        25        26        32        86
         4        26        32        86        87
         4        31        32        86        98
         4        32        86        98        99
         4        32        86        87        99
         4        31        35        36        98
         4        31        32        36        98
         4        32        36        98        99
         4        35        36        98       107
         4        36        98       107       108
         4        36        98        99       108
         4        35        36        36       107
         4        36        36       107       108
         4        31        36       105       107
         4        36       105       107       114
         4        25        31        32       105
         4        31        32        36       105
         4        32        36       105       114
         4        25        32        92       105
         4        32        92       104       105
         4        32       104       105       114
         4        18        25        26        92
         4        25        26        32        92
         4        26        32        92       104
         4        18        26        76        92
         4        26        76        91        92
         4        26        91        92       104
         4         9        18        19        76
         4        18        19        26        76
         4        19        26        76        91
         4         9        19        57        76
         4        19        57        75        76
         4        19        75        76        91
         4         9        10        19        57
         4        10        19        57        75
         4        10        56        57        75
         4         8        17        18        52
         4         8         9        18        52
         4         9        18        52        53
         4        17        18        52        70
         4        18        52        70        71
         4        18        52        53        71
         4        17        24        25        70
         4        17        18        25        70
         4        18        25        70        71
         4        24        25        70        85
         4        25        70        85        86
         4        25        70        71        86
         4        24        30        31        85
         4        24        25        31        85
         4        25        31        85        86
         4        30        31        85        97
         4        31        85        97        98
         4        31        85        86        98
         4        30        30        35        97
         4        30        31        35        97
         4        31        35        97        98
         4        30        35        97       106
         4        35        97       106       107
         4        35        97        98       107
         4        24        30        31       106
         4        30        31        35       106
         4        31        35       106       107
         4        24        31        93       106
         4        31        93       105       106
         4        31       105       106       107
         4        17        24        25        93
         4        24        25        31        93
         4        25        31        93       105
         4        17        25        77        93
         4        25        77        92        93
         4        25        92        93       105
         4         8        17        18        77
         4        17        18        25        77
         4        18        25        77        92
         4         8        18        58        77
         4        18        58        76        77
         4        18        76        77        92
         4         8         9        18        58
         4         9        18        58        76
         4         9        57        58        76
         4         7        16        17        51
         4         7         8        17        51
         4         8        17        51        52
         4        16        17        51        69
         4        17        51        69        70
         4        17        51        52        70
         4        16        23        24        69
         4        16        17        24        69
         4        17        24        69        70
         4        23        24        69        84
         4        24        69        84        85
         4        24        69        70        85
         4        23        29        30        84
         4        23        24        30        84
         4        24        30        84        85
         4        29        30        84        96
         4        30        84        96        97
         4        30        84        85        97
         4        29        30        30        96
         4        30        30        96        97
         4        23        30        94        96
         4        30        94        96       106
         4        16        23        24        94
         4        23        24        30        94
         4        24        30        94       106
         4        16        24        78        94
         4        24        78        93        94
         4        24        93        94       106
         4         7        16        17        78
         4        16        17        24        78
         4        17        24        78        93
         4         7        17        59        78
         4        17        59        77        78
         4        17        77        78        93
         4         7         8        17        59
         4         8        17        59        77
         4         8        58        59        77
         4         6        15        16        50
         4         6         7        16        50
         4         7        16        50        51
         4        15        16        50        68
         4        16        50        68        69
         4        16        50        51        69
         4        15        22        23        68
         4        15        16        23        68
         4        16        23        68        69
         4        22        23        68        83
         4        23        68        83        84
         4        23        68        69        84
         4        22        22        29        83
         4        22        23        29        83
         4        23        29        83        84
         4        22        29        83        95
         4        29        83        95        96
         4        29        83        84        96
         4        15        22        23        95
         4        22        23        29        95
         4        23        29        95        96
         4        15        23        79        95
         4        23        79        94        95
         4        23        94        95        96
         4         6        15        16        79
         4        15        16        23        79
         4        16        23        79        94
         4         6        16        60        79
         4        16        60        78        79
         4        16        78        79        94
         4         6         7        16        60
         4         7        16        60        78
         4         7        59        60        78
         4         5        14        15        49
         4         5         6        15        49
         4         6        15        49        50
         4        14        15        49        67
         4        15        49        67        68
         4        15        49        50        68
         4        14        21        22        67
         4        14        15        22        67
         4        15        22        67        68
         4        21        22        67        82
         4        22        67        82        83
         4        22        67        68        83
         4        21        22        22        82
         4        22        22        82        83
         4        14        22        80        82
         4        22        80        82        95
         4         5        14        15        80
         4        14        15        22        80
         4        15        22        80        95
         4         5        15        61        80
         4        15        61        79        80
         4        15        79        80        95
         4         5         6        15        61
         4         6        15        61        79
         4         6        60        61        79
         4         4        13        14        48
         4         4         5        14        48
         4         5        14        48        49
         4        13        14        48        66
         4        14        48        66        67
         4        14        48        49        67
         4        13        13        21        66
         4        13        14        21        66
         4        14        21        66        67
         4        13        21        66        81
         4        21        66        81        82
         4        21        66        67        82
         4         4        13        14        81
         4        13        14        21        81
         4        14        21        81        82
         4         4        14        62        81
         4        14        62        80        81
         4        14        80        81        82
         4         4         5        14        62
         4         5        14        62        80
         4         5        61        62        80
         4         3        12        13        47
         4         3         4        13        47
         4         4        13        47        48
         4        12        13        47        65
         4        13        47        65        66
         4        13        47        48        66
         4        12        13        13        65
         4        13        13        65        66
         4         3        13        63        65
         4        13        63        65        81
         4         3         4        13        63
         4         4        13        63        81
         4         4        62        63        81
         4         2         2        12        46
         4         2         3        12        46
         4         3        12        46        47
         4         2        12        46        64
         4        12        46        64        65
         4        12        46        47        65
         4         2         3        12        64
         4         3        12        64        65
         4         3        63        64        65
         4         1         2         2        45
         4         2         2        45        46
         4        46        46        64        65
         4        45        46        46        64
         2        45        45        46        46
         2        46        46        65        65
         4        47        65        65        66
         4        46        47        65        65
         8        46        47        64        65
         8        47        65        66        81
         8        47        63        65        81
         8        47        63        64        65
         4        48        66        67        81
         4        47        48        66        81
         4        47        48        63        81
         4        48        67        80        81
         4        48        62        80        81
         4        48        62        63        81
         4        49        67        68        80
         4        48        49        67        80
         4        48        49        62        80
         4        49        68        79        80
         4        49        61        79        80
         4        49        61        62        80
         4        50        68        69        79
         4        49        50        68        79
         4        49        50        61        79
         4        50        69        78        79
         4        50        60        78        79
         4        50        60        61        79
         4        51        69        70        78
         4        50        51        69        78
         4        50        51        60        78
         4        51        70        77        78
         4        51        59        77        78
         4        51        59        60        78
         4        52        70        71        77
         4        51        52        70        77
         4        51        52        59        77
         4        52        71        76        77
         4        52        58        76        77
         4        52        58        59        77
         4        53        71        72        76
         4        52        53        71        76
         4        52        53        58        76
         4        53        72        75        76
         4        53        57        75        76
         4        53        57        58        76
         4        54        72        73        75
         4        53        54        72        75
         4        53        54        57        75
         4        54        73        74        75
         4        54        56        74        75
         4        54        56        57        75
         8        55        73        74        74
         8        54        55        73        74
         8        54        55        56        74
         4        55        55        73        74
         4        55        55        56        74
         4        56        73        74        75
         4        55        56        73        74
         4        55        55        56        73
         4        56        72        73        75
         4        54        56        72        73
         4        54        55        56        73
         4        57        72        75        76
         4        56        57        72        75
         4        54        56        57        72
         4        57        71        72        76
         4        53        57        71        72
         4        53        54        57        72
         4        58        71        76        77
         4        57        58        71        76
         4        53        57        58        71
         4        58        70        71        77
         4        52        58        70        71
         4        52        53        58        71
         4        59        70        77        78
         4        58        59        70        77
         4        52        58        59        70
         4        59        69        70        78
         4        51        59        69        70
         4        51        52        59        70
         4        60        69        78        79
         4        59        60        69        78
         4        51        59        60        69
         4        60        68        69        79
         4        50        60        68        69
         4        50        51        60        69
         4        61        68        79        80
         4        60        61        68        79
         4        50        60        61        68
         4        61        67        68        80
         4        49        61        67        68
         4        49        50        61        68
         4        62        67        80        81
         4        61        62        67        80
         4        49        61        62        67
         4        62        66        67        81
         4        48        62        66        67
         4        48        49        62        67
         4        63        65        66        81
         4        62        63        66        81
         4        48        62        63        66
         4        63        65        65        66
         4        47        63        65        66
         4        47        48        63        66
         4        46        64        65        65
         4        63        64        65        65
         8        46        64        64        65
         8        45        46        64        64
         4        45        45        46        64
         4        66        66        81        82
         4        65        66        66        81
         2        65        65        66        66
         2        66        66        82        82
         4        67        82        82        83
         4        66        67        82        82
         8        66        67        81        82
         8        67        82        83        95
         8        67        80        82        95
         8        67        80        81        82
         4        68        83        84        95
         4        67        68        83        95
         4        67        68        80        95
         4        68        84        94        95
         4        68        79        94        95
         4        68        79        80        95
         4        69        84        85        94
         4        68        69        84        94
         4        68        69        79        94
         4        69        85        93        94
         4        69        78        93        94
         4        69        78        79        94
         4        70        85        86        93
         4        69        70        85        93
         4        69        70        78        93
         4        70        86        92        93
         4        70        77        92        93
         4        70        77        78        93
         4        71        86        87        92
         4        70        71        86        92
         4        70        71        77        92
         4        71        87        91        92
         4        71        76        91        92
         4        71        76        77        92
         4        72        87        88        91
         4        71        72        87        91
         4        71        72        76        91
         4        72        88        90        91
         4        72        75        90        91
         4        72        75        76        91
         4        73        88        89        90
         4        72        73        88        90
         4        72        73        75        90
         4        73        89        89        90
         4        73        74        89        90
         4        73        74        75        90
         4        74        89        89        90
         4        73        74        89        89
         8        73        74        74        89
         8        74        88        89        90
         8        73        74        88        89
         4        75        88        90        91
         4        74        75        88        90
         4        73        74        75        88
         4        75        87        88        91
         4        72        75        87        88
         4        72        73        75        88
         4        76        87        91        92
         4        75        76        87        91
         4        72        75        76        87
         4        76        86        87        92
         4        71        76        86        87
         4        71        72        76        87
         4        77        86        92        93
         4        76        77        86        92
         4        71        76        77        86
         4        77        85        86        93
         4        70        77        85        86
         4        70        71        77        86
         4        78        85        93        94
         4        77        78        85        93
         4        70        77        78        85
         4        78        84        85        94
         4        69        78        84        85
         4        69        70        78        85
         4        79        84        94        95
         4        78        79        84        94
         4        69        78        79        84
         4        79        83        84        95
         4        68        79        83        84
         4        68        69        79        84
         4        80        82        83        95
         4        79        80        83        95
         4        68        79        80        83
         4        80        82        82        83
         4        67        80        82        83
         4        67        68        80        83
         4        66        81        82        82
         4        80        81        82        82
         8        66        81        81        82
         8        65        66        81        81
         4        63        65        65        81
         4        65        65        66        81
         4        46        47        63        65
         4        46        63        65        65
         4        46        63        64        65
         4        83        83        95        96
         4        82        83        83        95
         2        82        82        83        83
         2        83        83        96        96
         4        84        96        96        97
         4        83        84        96        96
         8        83        84        95        96
         8        84        96        97       106
         8        84        94        96       106
         8        84        94        95        96
         4        85        97        98       106
         4        84        85        97       106
         4        84        85        94       106
         4        85        98       105       106
         4        85        93       105       106
         4        85        93        94       106
         4        86        98        99       105
         4        85        86        98       105
         4        85        86        93       105
         4        86        99       104       105
         4        86        92       104       105
         4        86        92        93       105
         4        87        99       100       104
         4        86        87        99       104
         4        86        87        92       104
         4        87       100       103       104
         4        87        91       103       104
         4        87        91        92       104
         4        88       100       101       103
         4        87        88       100       103
         4        87        88        91       103
         4        88       101       102       103
         4        88        90       102       103
         4        88        90        91       103
         8        89       101       102       102
         8        88        89       101       102
         8        88        89        90       102
         4        89        89       101       102
         4        89        89        90       102
         4        90       101       102       103
         4        89        90       101       102
         4        89        89        90       101
         4        90       100       101       103
         4        88        90       100       101
         4        88        89        90       101
         4        91       100       103       104
         4        90        91       100       103
         4        88        90        91       100
         4        91        99       100       104
         4        87        91        99       100
         4        87        88        91       100
         4        92        99       104       105
         4        91        92        99       104
         4        87        91        92        99
         4        92        98        99       105
         4        86        92        98        99
         4        86        87        92        99
         4        93        98       105       106
         4        92        93        98       105
         4        86        92        93        98
         4        93        97        98       106
         4        85        93        97        98
         4        85        86        93        98
         4        94        96        97       106
         4        93        94        97       106
         4        85        93        94        97
         4        94        96        96        97
         4        84        94        96        97
         4        84        85        94        97
         4        83        95        96        96
         4        94        95        96        96
         8        83        95        95        96
         8        82        83        95        95
         4        80        82        82        95
         4        82        82        83        95
         4        48        66        67        80
         4        66        67        80        82
         4        66        80        82        82
         4        48        62        66        80
         4        62        66        80        81
         4        66        80        81        82
         4        47        48        62        66
         4        47        62        66        81
         4        47        62        63        81
         4        97        97       106       107
         4        96        97        97       106
         2        96        96        97        97
         2        97        97       107       107
         4        98       107       107       108
         4        97        98       107       107
         8        97        98       106       107
         8        98       107       108       114
         8        98       105       107       114
         8        98       105       106       107
         4        99       108       109       114
         4        98        99       108       114
         4        98        99       105       114
         4        99       109       113       114
         4        99       104       113       114
         4        99       104       105       114
         4       100       109       110       113
         4        99       100       109       113
         4        99       100       104       113
         4       100       110       112       113
         4       100       103       112       113
         4       100       103       104       113
         4       101       110       111       112
         4       100       101       110       112
         4       100       101       103       112
         4       101       111       111       112
         4       101       102       111       112
         4       101       102       103       112
         4       102       111       111       112
         4       101       102       111       111
         8       101       102       102       111
         8       102       110       111       112
         8       101       102       110       111
         4       103       110       112       113
         4       102       103       110       112
         4       101       102       103       110
         4       103       109       110       113
         4       100       103       109       110
         4       100       101       103       110
         4       104       109       113       114
         4       103       104       109       113
         4       100       103       104       109
         4       104       108       109       114
         4        99       104       108       109
         4        99       100       104       109
         4       105       107       108       114
         4       104       105       108       114
         4        99       104       105       108
         4       105       107       107       108
         4        98       105       107       108
         4        98        99       105       108
         4        97       106       107       107
         4       105       106       107       107
         8        97       106       106       107
         8        96        97       106       106
         4        94        96        96       106
         4        96        96        97       106
         4        68        83        84        94
         4        83        84        94        96
         4        83        94        96        96
         4        68        79        83        94
         4        79        83        94        95
         4        83        94        95        96
         4        49        67        68        79
         4        67        68        79        83
         4        67        79        83        95
         4        49        61        67        79
         4        61        67        79        80
         4        67        79        80        95
         4        48        49        61        67
         4        48        61        67        80
         4        48        61        62        80
         4       108       108       114       115
         4       107       108       108       114
         2       107       107       108       108
         2       108       108       115       115
         4       109       115       115       116
         4       108       109       115       115
         8       108       109       114       115
         8       109       115       116       119
         8       109       113       115       119
         8       109       113       114       115
         4       110       116       117       119
         4       109       110       116       119
         4       109       110       113       119
         4       110       117       118       119
         4       110       112       118       119
         4       110       112       113       119
         8       111       117       118       118
         8       110       111       117       118
         8       110       111       112       118
         4       111       111       117       118
         4       111       111       112       118
         4       112       117       118       119
         4       111       112       117       118
         4       111       111       112       117
         4       112       116       117       119
         4       110       112       116       117
         4       110       111       112       117
         4       113       115       116       119
         4       112       113       116       119
         4       110       112       113       116
         4       113       115       115       116
         4       109       113       115       116
         4       109       110       113       116
         4       108       114       115       115
         4       113       114       115       115
         8       108       114       114       115
         8       107       108       114       114
         4       105       107       107       114
         4       107       107       108       114
         4        85        97        98       105
         4        97        98       105       107
         4        97       105       107       107
         4        85        93        97       105
         4        93        97       105       106
         4        97       105       106       107
         4        69        84        85        93
         4        84        85        93        97
         4        84        93        97       106
         4        69        78        84        93
         4        78        84        93        94
         4        84        93        94       106
         4        50        68        69        78
         4        68        69        78        84
         4        68        78        84        94
         4        50        60        68        78
         4        60        68        78        79
         4        68        78        79        94
         4        49        50        60        68
         4        49        60        68        79
         4        49        60        61        79
         4       116       116       119       120
         4       115       116       116       119
         2       115       115       116       116
         2       116       116       120       120
         4       117       120       120       121
         4       116       117       120       120
         8       116       117       119       120
         8       117       120       121       121
        12       117       118       120       121
         8       117       118       119       120
         4       118       120       121       121
         4       117       118       121       121
         8       117       118       118       121
         8       118       120       120       121
         4       116       119       120       120
         4       118       119       120       120
         8       116       119       119       120
         8       115       116       119       119
         4       113       115       115       119
         4       115       115       116       119
         4        99       108       109       113
         4       108       109       113       115
         4       108       113       115       115
         4        99       104       108       113
         4       104       108       113       114
         4       108       113       114       115
         4        86        98        99       104
         4        98        99       104       108
         4        98       104       108       114
         4        86        92        98       104
         4        92        98       104       105
         4        98       104       105       114
         4        70        85        86        92
         4        85        86        92        98
         4        85        92        98       105
         4        70        77        85        92
         4        77        85        92        93
         4        85        92        93       105
         4        51        69        70        77
         4        69        70        77        85
         4        69        77        85        93
         4        51        59        69        77
         4        59        69        77        78
         4        69        77        78        93
         4        50        51        59        69
         4        50        59        69        78
         4        50        59        60        78
         6       121       121       121       121
        12       120       121       121       121
         6       120       120       121       121
         4       110       116       117       118
         4       116       117       118       120
         4       116       118       120       120
         4       110       112       116       118
         4       112       116       118       119
         4       116       118       119       120
         4       100       109       110       112
         4       109       110       112       116
         4       109       112       116       119
         4       100       103       109       112
         4       103       109       112       113
         4       109       112       113       119
         4        87        99       100       103
         4        99       100       103       109
         4        99       103       109       113
         4        87        91        99       103
         4        91        99       103       104
         4        99       103       104       113
         4        71        86        87        91
         4        86        87        91        99
         4        86        91        99       104
         4        71        76        86        91
         4        76        86        91        92
         4        86        91        92       104
         4        52        70        71        76
         4        70        71        76        86
         4        70        76        86        92
         4        52        58        70        76
         4        58        70        76        77
         4        70        76        77        92
         4        51        52        58        70
         4        51        58        70        77
         4        51        58        59        77
         4       111       117       117       118
         4       117       117       118       121
         2       117       117       121       121
         2       111       111       117       117
         4       101       110       111       111
         4       110       111       111       117
         4        88       100       101       102
         4       100       101       102       110
         4       100       102       110       112
         4        88        90       100       102
         4        90       100       102       103
         4       100       102       103       112
         4        72        87        88        90
         4        87        88        90       100
         4        87        90       100       103
         4        72        75        87        90
         4        75        87        90        91
         4        87        90        91       103
         4        53        71        72        75
         4        71        72        75        87
         4        71        75        87        91
         4        53        57        71        75
         4        57        71        75        76
         4        71        75        76        91
         4        52        53        57        71
         4        52        57        71        76
         4        52        57        58        76
         4        89       101       101       102
         4       101       101       102       111
         2       101       101       111       111
         2        89        89       101       101
         4        73        88        89        89
         4        88        89        89       101
         4        54        72        73        74
         4        72        73        74        88
         4        72        74        88        90
         4        54        56        72        74
         4        56        72        74        75
         4        72        74        75        90
         4        53        54        56        72
         4        53        56        72        75
         4        53        56        57        75
         4        55        73        73        74
         4        73        73        74        89
         2        73        73        89        89
         2        55        55        73        73
         4        54        55        55        73
